2608723968
5293576193
7945199617
9726543872
4895678469
7534184454
1199857671
6010226695
6633672715
8358440972
6024343569
2800609300
9551171608
9381093402
6017099805
1636872224
7162478625
2626414626
4109996067
7924842534
7144955944
5376176175
5978892337
6998003761
1510756408
5604986937
5136474175
3229519936
8652593218
3436849218
5907839045
1872767046
7363545160
6129164361
7990874185
3134445646
7706331216
8106256464
8269805654
5973667927
6292793432
3437056089
5383297114
6125633628
2798415965
8588871772
3615395938
1576480874
7321241708
2337097841
4201769075
4676796532
2729185397
8491501684
7712587891
1522163832
9841297530
3804532859
4691271804
5293303933
3377289341
2136848511
6249781378
8420720773
9086439558
2795671686
2732953736
8236005509
5694175367
4489298060
7381606541
3570692240
2456922260
5096724630
9295702167
2733615256
8685629592
5966854300
3132338334
5868181662
3462828194
8167686307
9065603234
7128836261
5551397030
2519756970
6802483373
7495209135
7637579956
4634276020
1622046901
4473387193
6624702649
5232568508
5225842877
9581697217
8390138050
7736324292
2666895556
3050801350
9447182535
7944429771
6756759756
8728971472
1697249489
4791236817
7849679065
5234079961
5359390941
1822988510
9890347231
1475932384
5167249634
6553614563
7210121444
7789848804
8725483752
5228810473
9467019497
8087335145
7479716076
3339104492
2387273966
1119879407
9624123632
3590346992
9002723570
7600396532
4369774836
7448103156
1289656565
2648303865
8762595577
5720877309
3236086015
5119140096
8605524225
8241660162
6235347201
9462991103
8774691077
4708503814
2343940357
6312476936
1220032774
5254871307
5365365003
8873316622
9628430608
9550035217
2847215889
2352093457
4292792598
6530849047
4353784091
9925294365
4750403870
2187161889
5090820386
2186289444
7242793252
9809494311
1379033384
4492378410
6962485547
9477564715
7447638317
4754397489
4415076660
9405503799
7340269879
9084090681
8829847866
7873337659
9301406008
5485828413
6558972221
9803686203
3126176064
2010609985
2802166080
4302147907
2021585223
7843981642
1879083341
9105140048
7096301905
6500024658
9876400467
1192466775
2386299223
3507292505
5109758299
1630003550
1383801185
2781614433
9199855972
5945510245
4297709925
6918402407
8882909543
4740399468
6378238316
6371959150
1978069359
4953506160
2438302065
8690276717
4045529457
9113547121
5844447606
1947861366
8207841655
1708951927
9840243066
8900141436
2492981633
1563271556
5219107204
7768324487
2253490567
1705693578
4473620875
7562541453
9906825614
6532614543
4736301456
9652738445
4842496402
1739872659
4911311252
4730882449
5268494742
6499320217
5570214297
7941665179
9630431645
1153198498
8069104035
7174769066
9819503024
7089220017
2604366257
3628030385
9920565684
3644752308
8171987382
5230969272
5170325945
1515768249
7095409080
3052892601
1304828349
8836123074
2925152708
5320901060
2765062598
3607484871
8878707146
3293096397
6673639891
3931208157
6817812961
9699181025
7301822947
9046356452
6728987110
5677013480
2649524713
3122270698
3382684139
7915213291
7512975853
9402655215
2865357298
2973923831
5515327996
9656087037
8955810300
1875001860
1623538181
1739993605
9173955081
1442931210
5559036426
4272501260
5496164877
2094158350
5413413389
2597898768
6806964751
5340842514
9793096213
6037101078
9227233814
7443952154
3944313372
3021949470
2020704800
4366979618
6138004003
2998239778
1791353381
7077800486
8692163111
4540922410
7568808492
8064139824
3967060530
3267701299
3047225909
2607233591
1515944507
5855038013
6177086015
8850991681
3936903747
5568852547
7980950086
5119552073
7152454219
7675609676
2127839822
9735518799
2194414159
3255052881
8655084114
4179173971
4420143699
8533375567
9623106132
4343267929
6926877274
5601567323
7453465184
4160463459
9377399398
4927777383
1351131752
3180098150
2887520876
3755151980
2492543597
6259427948
4869597810
8254007924
3725673080
1645607549
4170687105
4270080643
3290534535
4546462344
6421252744
2931569290
8455236232
1548026503
9549947532
3572042380
1448430223
2825046664
8872153738
5452927627
3004510867
3202878099
8441002645
9123588757
9874139799
8675670671
8968274585
5923891865
9086741146
9451567772
1186050708
9033116319
8418167456
1397445281
5232083621
2205684391
6635074215
8443032232
6286381735
8513102507
8990311085
2828686000
1633536691
4033041077
2817864374
4778640054
8800727736
6598894261
3713577658
8058983101
1801171646
7367762625
3794045635
2585416388
9885121221
5242800839
9094283976
1634773708
6367929037
4795742926
6432035532
7027290831
6116897489
4270240468
2301881044
4910977750
7669510868
1550899931
1270244060
7547556574
3638385379
9398891237
4763527911
1435919080
9173154541
4155374320
4475130609
4096916210
9980406515
8752001785
7648119545
7380984573
4042191613
7249910527
4905390848
3770921728
8787092226
3395324678
1364767494
5661954825
7384273676
7824929549
5381974798
1420337943
1439322910
7114967840
2999792419
2925734694
1912945450
7036062507
1742914346
9165321003
8275352363
4397271856
3256673073
2684687154
5606107952
9408766776
8149340989
6142307135
1663357759
5718477633
9210659653
3474582345
3167423308
9318105933
8852333389
4414643022
2671958870
4233761622
6775624536
1043948375
1992911710
8592284511
1481421665
5715497830
7812764521
9872440171
4161794924
3239711595
4880165745
4893819766
8434635647
4035541888
6868540288
7242111875
8931146631
6224221064
3251151755
2111765391
9721439119
7065490321
9302842263
3387771800
5152996252
9216248734
2588322723
3024837540
2604073893
6241215397
9944343463
9287613352
8910961573
4373963690
5807129514
4243108782
6754470831
6936386480
6180514737
6407873457
1566596019
2817031093
7767323574
9314948026
7015080894
6928329663
2756500420
4988951493
7217693638
8473404363
3561003980
8918905805
3575161808
9424956372
6226351060
4038720473
5378454491
4485243868
4170513372
2774801374
2776411102
1505424351
4491611106
3188423651
2858839011
9317280742
8606000103
3291347944
1372414953
6736217066
8934145002
5065835500
6523622381
9591602162
5582892018
4699614197
2817776629
1595896821
7085818870
7604276217
2750997494
7404338176
6916344833
8740989955
8542325765
2780640268
6311590925
9382843406
8512558098
5921766422
2084817943
9046227993
6030666777
7115521051
6270977053
5634640926
2439732259
9526502442
5343968302
8122414128
2178733104
6877750324
8353944633
2088090682
5194126401
9425841219
7955526723
5567665219
1445436484
7380722759
1347167306
7820594252
8106644556
4656757838
5176286288
3203980370
2460836948
8341955669
1909675093
1194933336
4011469913
6627527769
9204591707
2315357280
5981596768
1790588002
2508018787
6846862435
6185321573
6799922278
4519033960
6864346216
9551371372
5545966701
4192887924
3361510518
3642811512
6940050553
8402320507
1812728956
4817060991
9099132037
1254372486
5885334665
6170053770
8862413962
3338751118
5104407698
8903396501
5579316373
8471366810
9306508443
9149508764
8383745182
6901345439
7367355556
4695368870
4878462119
4568482985
4805921969
2259688626
2244705461
9322411189
5583148216
8790584506
7865789627
2873253057
1530356930
2706730182
9834083533
4132635856
9592474835
4792526037
4876451033
5329466588
4808355043
2264618213
4045065450
8287358190
7363951856
7681787121
3308336372
5859292410
6306495740
9367819517
9009558782
7238264061
4490708226
9473387779
5326189828
5089352965
1055606024
6883351817
5833110798
3632882961
5801075985
5889193236
7432908053
7338614037
8709657879
9169650968
1555922202
8622607643
6416217371
9574010143
3871294752
8816825632
6728690982
9038910763
9470614834
4079639868
6797342013
4651967807
9988457792
2427823426
3215433026
8753513796
7386002755
8502000964
6524333383
8931851592
1160437065
9015559501
7337041230
9099273550
2383461713
1459563860
8043912539
3562181979
3553121629
3756500321
2648425832
2072788329
9593060714
4106753387
6129642862
8217247094
7859731831
2198637943
6601268602
2405029248
6541933953
9685515650
3472954754
1184429445
8778065285
8854361480
4096664972
4853790095
8912207249
6307612049
3563283862
1461947801
4224662938
8409492892
6653162912
6627857824
9568325026
9938281891
1349055908
6107741604
4912190888
2576663976
2686279080
7168042411
7696522667
1139010988
1639560623
6456567215
5341185456
2633543092
3505159612
9068680637
1118477763
5941630403
8184868297
8902286794
4176500169
2715491790
9073671634
4069973459
3430180313
4182386138
8069557726
7200282081
9879004642
3155004899
6845724131
5213353446
3024313831
1317201383
1064549866
4619937260
5664126446
4624451058
4342007287
7316807160
5427406330
7942114810
3870842365
9985109502
1462275583
8365057533
4597841411
6337089027
3917264387
1733389831
6225673737
5920255499
5982834191
3762624016
5881908753
1122280980
9077224980
7055517205
7079884309
3399898651
2931744284
4636888610
7636131362
9609854509
1290372656
4138769971
7205983796
1683873333
3459384888
8209696312
1752663615
2897258050
9612748358
2212253255
5112464969
3084414538
1335940683
2896657996
1286479436
6358625872
1971867217
9165135442
2026862160
8917947988
8908052056
5180034649
1563481689
4346795611
5045898841
6618822232
6836635236
8961490534
1024251495
7879442022
2984156776
7292692084
3001982581
6434147960
8735196799
4852733568
2777699970
2933872262
3145913991
2422816391
1186952838
4619073162
4237766283
2068739725
6279337617
5737455249
5769373331
4025642646
1861074583
7894156952
2133864089
2475144858
2327305886
5327799966
2737940127
1598465706
9976850096
8225496755
8809766580
7386025653
8686341815
1364006587
4411846332
4781166270
6766745282
3626784450
7771088582
8655158986
7970332365
9219303120
1954152144
7144513232
5022541520
6534389460
6976210644
3528058585
5144827614
3442661086
4567234272
1098241760
5642436322
5840447203
7483725547
4399996655
3514347248
8878599921
3074213619
9126094580
1010929400
7562202874
4723295996
2881971965
8813278975
7767983871
2967066369
3922239234
3774553858
8792989444
9918596869
7437154056
8676632329
9450280713
3215050507
7537981196
8151445262
1653538579
7852558100
7770875669
1611669270
7860399894
2709634842
7545751323
2492049179
7489646365
7284438814
5999494942
4142561053
4902762267
5893920542
4552408860
4565772068
5019242273
3667435302
7246815015
2640883494
8477538090
6833076011
1387816748
2944343855
9179905841
7122370361
5539335994
1937755963
6367520571
8194953021
2693203774
6666704701
1598826301
4933183300
5812039492
9198282565
1971502918
4407291720
3399028553
3127838538
2775820110
2211606354
1160132435
5143234388
8939036504
8630970213
4490784618
1609559916
1510436717
4097869679
5484375920
6276380530
2901256054
9451720567
4642727803
1381992321
7588243331
6080206724
8073185157
9436886918
8604931979
4314140556
8302473101
5102034829
1309198223
1553518477
6083620754
4553242514
7262662553
2153813914
3408261026
9628692387
4931121060
4924520356
2679093160
8287948714
2502541232
7196772274
6892382130
7543498677
3294711737
8141201338
7235297211
9443786684
9772900283
3665305534
5453037498
6852880327
3831953351
1631797193
7331149768
3760005066
2211960782
3177422799
8073430992
1416826832
1278509011
9569759193
4258731994
2773211098
4276586458
2276321245
9848256479
4893312992
9491967971
9918902246
3384901607
9772552166
9358540796
4749473780
3139082236
2874083327
